1
2
3
5
102
105
110
161
218
326
431
441
442
443
444
445
447
448
457
458
459
460
461
462
463
464
501
502
503
521
523
525
526
527
528
529
530
531
532
533
534
535
536
537
538
539
540
541
542
543
544
601
604
701
702
703
704
705
706
901
902
903
904
1001
1002
1003
1004
1010
1012
1013
1024
096G
1089
1155
1162
1169
1173
1175
1182
1183
1190
1192
1197
1200
1209
1217
1222
1226
1228
1231
1241
1242
1244
1267
1268
1286
1292
1293
1296
1304
1327
1328
1332
2002%27%27
2011
2012
2013
2015
2206
2207
2208
2209
2212%27%27
2213%27%27
2215
2218
2219
2228
2229
2230
2231
2236
2237
2238
2239
2240
2241
2242
2243
2252
2253
2254
2255
2256
2257
2258
2259
2260
2261%27%27
2263
2264%27%27
2265%27%27
2266
2267
2268
2269
2272
2273
2274
2275
2276%27%27
2278
2279
2286
2287
2288
2289
2290
2291
2292
2293
2297
2298
2299
2304
2305
2306
2307
2308
2309
2310
2311
2312
2314
2315
2316
2320
2321
2322
2324
2325
2329
2330
2331
2333
2334
2337
2338
2341
2342
2343
2344
2347
2349
2350
2351
2352
2357
2358
2359
2363
2364
2365
2366
2377
2378
2379
2380
2381
2382
2385
2386
2393
2394
2399
2400
2401
2407
2408
2415
2416
2419
2420
2425
2426
2429
2430
2431
2433
2434
2437
2441
2442
2443
2444
2445
2446
2447
2448
2449
2450
2457
2460
2463
2464
2468
2469
2472
2473
2474
2475
2476%27%27
2477
2478
2479
2480
2481
2482
2483
2484
2485
2486
2487
2488
2489
2490
2491
2498
2499
2500
2501
2508
2509%27%27
2510%27%27
2513
2514
2521
2522
2529
2530
2531
2532
2535
2536
2537
2538
2541
2544
2545
2546
2547
2550
2551
2556
2557
2558
2564
2565
2601
2602
2603
2604
2605
2606
2607
2608
2609
2610
2611
2612
2701
2702
2703
2704
2705
2706
2707
2708
2709
2710
2711
2712
2713
2714
2715
2716
2717
2718
2719
2720
2721
2722
2723
2724
2725
2726
2801
2802
2803
2804
2805
2806
2807
2808
2809
2810
2811
2812
2813
2814
2815
2816
2817
2818
2819
2820
2821
2822
3001
3002
3003
3004
3005
3006
3007
3008
3009
3010
3011
3012
3013
3014
3015
3016
3017
3101
3102
3103
3104
3105
3106
3107
3108
3109
3110
3111
3112
3113
3114
3115
3116
3117
3118
3119
3120
3121
3122
3123
3124
3125
3126
3127
3128
3129
3130
3131
3201
3202
3203
3204
3205
3206
3207
3208
4005
4400
4401
4402
4403
4404
4405
4406
4407
4408
4409
4410
4411
4412
4413
4414
4415
4416
4417
4418
4500
4501
4502
4503
4504
4505
4506
4600
4601
4602
4603
4604
4605
4606
4607
4608
4609
4610
4611
4612
4613
4614
4615
4616
4617
4618
4619
4620
4621
4622
4623
4624
4625
4626
4627
4628
4629
4630
4631
4632
4633
4634
4635
4636
4637
4638
4639
4640
4641
4642
4769
5401
5402
5403
5404
5405
5406
5407
5408
5409
5410
5411
5412
5413
5414
5415
5416
5417
5418
5419
5420
5421
5422
5423
5424
5425
5426
5427
5428
5429
5430
5431
5432
5433
5434
5435
5436
5437
5438
5439
5440
5441
5442
5443
5444
5445
5601
5602
5603
5604
5605
5606
5607
5608
5609
5610
5611
5612
7001
7004
7005
7006
7009
7011
7012
7014
7015
7016
7017
7018
7019
7020
7021
7022
7023
7024
7025
7026
7027
7028
7029
7030
7031
7032
7033
7034
7035
7036
7037
7086
7300
7301
7302
7303
7304
7305
7306
7307
7308
7309
7310
7311
7312
7313
7314
7315
7316
7317
7318
7319
7320
7321
7322
7323
7324
7325
7326
7327
7328
7329
7330
7331
7332
7333
7334
7335
7336
7337
7338
7339
7340
7341
7342
7343
7344
7345
7346
7347
7348
7349
7350
7351
7352
7353
7354
7355
7356
7357
7401
7402
7403
7404
7405
7406
7407
7408
7409
7410
7411
7412
7413
7414
7415
7416
7417
7418
7419
7420
8047
8048
8051
8052
8053
8054
8055
8056
8057
8059
8061
8062
8063
8066
8068
8070
8078
8079
8085
8086
8087
8088
8091
8092
8093
8094
8095
8096
8097
8098
8099
8100
8101
8102
8103
8104
8105
8106
8107
8108
8109
8110
8111
8112
8113
8114
8115
8116
8117
8119
8120
8121
8122
8123
8124
8125
8126
8127
8128
8129
8130
8131
8132
8133
8134
8135
8136
8138
8139
8140
8141
8142
8143
8144
8145
8300
8301
8302
8303
8304
8305
8306
8307
8308
8309
8310
8311
8312
8313
8314
8315
8316
8317
8318
8319
8320
8321
8322
8323
8324
8325
8326
8327
8328
8329
8330
8331
8332
8333
8334
8335
8336
8337
8338
8339
8340
8341
8342
8401
8402
8403
8404
8405
8406
8407
8408
8409
8410
8411
8412
8413
8414
8415
8416
8417
8418
8419
8420
8421
8422
8423
8424
8425
8426
8427
8428
8429
8430
8431
8432
8433
8434
8435
8436
8437
8438
8439
8440
10002
10004
10006
P21
G019
G024
G032%27%27
G035%27%27
G036
G048
G050
G055
G056
G059
G061
G063
G064
G069
G071%27%27
G081
G083
G084
G089
G157
G5483
G5485
G5487
G5494